0606 왍 4.33 1.29 0.257 KIA 6 1.32 0.293 
0606 KT 3.62 1.4 0.246 LG 4.66 1.12 0.173 
0606 NC 2.5 1.42 0.272 庸 4.67 1.64 0.29 
0606 SK 3.67 1.43 0.289 콣 2.5 1.52 0.29 
0606 홛 3.0 1.04 0.239 온 4.38 1.29 0.286 
0607 KIA 2.0 1.69 0.323 NC 4.5 0.95 0.199 
0607 온 6.5 1.66 0.302 KT 5.75 1.44 0.259 
0607 LG 5.33 1.0 0.227 홛 1.67 1.41 0.277 
0607 庸 2.67 1.66 0.314 SK 2.83 1.29 0.271 
0607 콣 5.67 1.24 0.236 왍 3.33 1.41 0.244 
0608 KIA 1.75 1.68 0.302 NC 4.5 1.26 0.266 
0608 온 6.5 1.55 0.266 KT 5.5 1.57 0.267 
0608 LG 4.83 1.07 0.227 홛 2.0 1.26 0.272 
0608 庸 2.57 1.3 0.266 SK 3.0 1.06 0.226 
0608 콣 4.17 1.35 0.265 왍 4.0 0.96 0.213 
0609 KIA 2.2 1.43 0.269 NC 4.57 1.6 0.243 
0609 온 5.6 1.92 0.321 KT 5.6 1.31 0.26 
0609 LG 4.57 1.17 0.191 홛 2.0 1.46 0.279 
0609 庸 2.25 1.06 0.213 SK 3.62 2.0 2012.0 
0609 콣 4.29 1.18 0.247 왍 4.0 1.3 0.277 
0611 庸 3.0 1.16 0.226 KIA 4.33 1.38 0.227 
0611 SK 3.33 1.3 0.269 KT 5.0 1.13 0.263 
0611 온 4.67 1.46 0.274 LG 5.67 1.5 0.277 
0611 콣 3.67 1.28 0.263 NC 4.17 1.18 0.237 
0611 왍 4.5 1.53 0.293 홛 1.83 1.55 0.259 
0820 KIA 5.5 1.52 0.274 LG 3.0 1.18 0.253 
0820 콣 12.33 1.2 0.238 KT 6.0 1.45 0.266 
0820 왍 5.0 1.49 0.289 NC 7.0 1.16 0.247 
0820 온 4.0 1.32 0.272 SK 3.0 1.23 0.265 
